20
3
1 1
2 2
3 3
6
2 7
4 9
1 8
1 6
5 4
2 8
3
1 1
3 3
3 1
11
-1 1
0 0
1 -1
3 -1
1 -3
3 -3
7 -1
9 -3
7 -3
8 -2
9 -1
1
42 64
10
10 10
11 9
12 8
14 8
12 6
14 6
11 5
15 7
16 8
16 6
3
0 1
2 0
3 3
4
-1 -1
-1 1
2 2
2 -2
1
1000000 1000000
1
1000000 0
1
0 1000000
50
40 32
5 1
22 18
45 16
22 7
6 29
8 37
50 1
19 47
50 13
20 19
48 6
40 28
50 38
26 1
48 11
39 15
17 10
10 1
40 47
12 46
49 7
7 26
12 15
4 5
25 20
42 40
42 34
13 22
35 46
10 13
29 20
42 20
13 28
24 17
12 37
30 41
38 3
41 41
20 29
25 19
44 8
12 31
28 9
6 18
18 36
45 5
29 39
48 43
20 31
75
11 18
54 55
5 70
20 25
29 27
53 62
45 22
33 50
68 22
55 56
6 72
45 11
32 4
26 53
36 46
10 71
47 32
46 1
43 38
8 22
8 8
65 63
75 47
60 65
39 25
11 45
74 74
21 33
72 72
9 53
58 33
49 75
42 40
62 33
15 28
61 75
7 73
62 34
65 19
9 28
74 45
42 73
68 60
72 52
6 59
59 61
22 14
29 30
68 43
51 44
17 50
22 74
32 62
54 3
73 41
40 62
45 68
50 7
14 20
24 50
70 63
3 13
57 8
50 17
9 43
7 70
34 57
37 23
34 52
8 20
6 61
72 33
31 55
32 39
70 61
100
7 93
69 2
64 99
61 50
50 72
75 52
94 27
67 47
36 61
34 27
39 13
53 8
7 73
84 36
56 74
61 76
91 16
24 50
6 59
80 66
77 21
11 53
75 46
54 51
99 75
93 65
56 15
10 15
54 60
63 11
35 93
4 90
95 77
15 54
31 82
73 92
56 24
35 27
55 28
56 21
7 44
79 32
13 91
13 80
52 59
91 92
65 6
49 33
15 75
81 66
99 68
47 15
79 99
70 64
6 71
39 46
58 20
54 38
40 79
80 35
40 43
61 12
12 20
14 54
21 74
96 91
67 20
26 31
6 92
95 69
7 29
37 92
68 62
42 3
84 98
83 40
81 80
9 50
84 4
72 71
58 40
30 57
45 53
23 40
81 70
24 76
9 85
36 44
95 83
11 33
89 71
27 88
82 39
1 59
99 78
43 33
77 99
51 96
80 37
37 59
1000
663 334
61 965
250 442
693 839
739 190
816 125
850 785
602 274
489 143
510 247
935 127
101 984
944 213
404 551
662 550
775 560
34 619
512 834
476 524
566 779
938 276
579 369
126 308
134 173
579 835
533 398
494 646
647 480
677 327
385 361
782 947
97 239
16 743
807 221
845 398
501 14
841 100
843 531
686 688
564 18
542 817
496 122
431 304
670 139
33 469
146 520
281 575
294 608
489 230
35 497
261 903
172 832
355 577
284 372
772 892
847 130
776 68
166 939
261 294
416 389
869 259
614 155
508 977
596 882
493 83
171 969
350 352
436 760
427 246
876 917
860 950
297 969
115 472
790 359
260 94
929 596
391 649
144 499
119 853
739 898
843 199
333 552
611 717
625 522
723 240
219 694
874 699
941 656
573 350
482 681
746 783
463 137
959 8
970 248
420 930
439 751
997 21
290 688
811 73
86 234
559 505
105 219
647 789
117 735
333 244
858 37
598 601
154 737
141 476
896 172
950 94
121 690
178 446
222 526
635 283
970 869
83 271
338 731
633 933
329 195
997 946
915 696
35 768
929 39
20 551
248 974
319 759
896 258
737 983
730 339
592 935
273 953
704 768
812 177
868 406
353 729
72 783
170 604
639 541
674 441
751 940
65 404
293 499
787 681
774 160
92 198
155 536
125 522
771 201
824 448
185 797
581 260
718 150
41 188
627 533
649 170
365 649
547 615
135 921
212 515
7 182
774 898
166 944
330 326
510 966
652 863
672 12
632 698
739 288
480 404
378 271
151 613
823 332
755 777
189 790
703 534
889 837
186 128
486 61
158 285
197 121
372 906
386 522
201 965
828 320
859 29
208 17
431 896
325 882
550 935
714 408
891 871
973 654
695 893
891 771
382 190
595 106
934 212
316 866
161 255
57 532
104 215
392 823
858 714
866 277
795 120
980 239
729 411
537 308
881 189
222 126
571 656
629 710
477 798
591 401
916 555
623 906
75 284
439 850
336 406
37 675
802 710
594 782
975 434
446 282
45 926
789 787
629 333
321 297
905 555
947 301
4 409
841 901
206 775
617 931
965 293
85 758
22 38
95 703
910 504
274 769
970 99
14 710
584 353
971 269
707 977
435 815
950 936
386 485
381 745
730 382
961 245
217 331
999 258
789 205
327 612
671 834
930 211
334 87
628 35
582 788
27 149
384 758
367 98
785 419
76 313
136 67
816 520
156 157
559 448
831 656
749 567
979 817
946 950
351 535
409 844
547 748
987 986
613 270
310 212
163 786
735 463
29 713
718 839
947 64
262 975
570 466
912 637
103 992
296 104
229 529
570 590
577 993
259 709
895 814
878 720
237 780
412 85
955 470
212 716
12 279
95 105
130 214
491 444
630 476
276 742
343 99
537 884
881 784
882 593
665 427
65 207
553 729
647 280
597 728
118 35
455 29
422 861
248 19
77 101
192 382
206 631
184 760
565 842
599 525
341 939
985 219
867 664
986 384
603 900
788 178
694 883
620 385
173 136
362 173
406 606
91 231
690 913
502 706
19 41
480 726
878 320
755 128
628 6
480 449
453 356
793 125
52 626
895 353
300 52
950 10
834 483
162 605
126 24
707 248
923 719
813 228
73 61
173 920
650 840
40 362
7 655
833 56
822 238
767 224
464 571
111 37
67 675
892 59
460 870
521 499
745 231
611 669
659 976
450 436
37 479
980 332
604 705
854 447
68 883
130 166
989 356
407 308
139 684
791 272
201 248
875 315
435 756
36 207
597 351
771 98
807 211
409 613
236 862
560 833
455 742
838 67
52 876
948 50
635 963
7 460
677 520
58 486
724 246
87 486
395 184
506 658
237 814
980 45
941 725
677 114
659 90
511 633
134 777
729 539
176 557
196 30
542 536
120 168
653 635
522 859
679 666
672 199
467 325
883 830
433 186
486 127
37 630
595 732
714 480
219 226
138 996
639 488
538 804
517 578
370 288
45 857
17 919
646 383
358 53
82 568
982 728
596 454
538 70
662 985
216 53
192 114
637 436
612 597
502 917
12 929
170 710
737 906
988 978
126 959
586 848
817 535
556 970
963 484
873 948
966 619
203 310
822 382
751 50
1000 783
625 224
826 618
781 497
730 301
503 31
342 507
2 616
339 222
198 469
171 732
924 719
255 551
828 182
14 264
1 671
172 793
960 750
36 666
908 541
147 423
379 902
522 444
229 89
911 109
661 767
952 399
414 78
818 742
526 320
993 170
79 681
91 602
183 376
223 407
18 486
274 209
156 785
597 270
519 838
43 704
295 686
962 186
820 540
798 787
962 957
141 67
821 157
691 569
601 253
376 426
389 427
997 873
173 232
171 74
852 539
991 822
178 876
807 357
536 271
742 760
228 23
81 104
439 256
486 848
408 483
34 745
390 870
478 874
887 386
725 283
292 494
498 117
500 619
316 54
295 167
412 310
288 496
22 484
998 865
446 40
199 35
695 265
27 933
89 137
442 468
85 660
584 395
789 866
197 868
61 859
823 181
836 5
673 23
335 595
140 485
110 106
724 924
456 454
731 798
592 521
495 512
131 561
14 340
811 1000
836 553
142 608
767 903
616 926
433 772
398 385
68 376
956 517
898 628
919 281
400 422
569 543
284 349
761 430
505 99
728 387
748 120
200 454
847 392
482 516
325 547
681 984
765 950
22 670
62 766
336 411
686 484
100 340
951 845
98 555
975 633
665 362
409 339
698 182
282 250
102 667
266 146
79 584
480 408
767 536
490 17
13 641
537 592
701 899
110 384
960 64
932 860
699 513
79 345
446 771
448 955
131 72
27 972
505 566
449 638
197 575
147 296
954 585
988 738
498 517
674 604
562 181
337 671
103 710
683 935
371 207
797 437
522 815
178 896
723 871
879 351
228 890
701 173
766 617
198 1000
657 527
922 383
488 724
696 195
843 388
944 123
544 550
20 911
81 218
286 361
436 629
167 474
306 632
776 550
805 59
743 497
73 264
819 74
895 855
420 319
313 82
767 929
455 241
461 953
269 937
360 751
622 38
387 795
276 661
468 582
574 616
154 595
291 288
594 990
980 84
425 453
336 204
876 434
536 672
786 831
262 303
551 993
124 482
9 849
498 452
98 849
378 68
709 358
692 851
552 140
689 519
983 544
402 79
694 74
935 997
894 81
253 918
91 422
482 916
883 65
217 252
223 779
217 208
470 253
923 619
155 212
679 365
826 348
166 228
477 189
544 194
84 340
13 503
496 891
23 485
463 153
180 486
897 322
939 29
576 106
576 640
335 814
532 677
500 943
184 895
700 820
269 380
470 424
689 989
11 131
200 403
286 749
505 416
176 875
641 163
783 304
120 563
71 951
216 362
965 495
915 837
690 759
556 375
646 654
867 862
303 359
173 81
698 304
799 48
876 448
312 570
251 250
83 110
207 770
795 424
448 276
957 349
510 844
166 513
600 441
873 760
411 142
652 498
834 230
526 289
588 93
741 477
587 66
479 796
524 535
395 476
548 932
543 549
90 508
200 711
881 108
331 314
939 507
980 830
843 285
625 352
932 577
659 564
136 550
491 895
63 873
410 478
585 997
286 913
615 579
371 773
11 975
967 249
506 298
470 327
368 219
378 419
64 298
144 406
515 375
404 664
694 250
971 748
205 660
166 53
156 325
531 965
154 686
665 721
439 789
996 437
271 667
528 542
441 468
264 157
410 548
780 810
938 713
652 208
230 785
783 750
555 752
443 818
26 787
776 917
722 544
823 182
612 285
650 802
824 525
983 495
613 114
892 211
39 871
434 888
766 171
840 240
559 153
809 199
67 557
668 899
189 528
703 784
876 148
765 719
541 817
309 804
312 105
408 885
286 133
918 673
548 75
891 739
201 907
540 620
849 85
535 697
975 465
201 543
453 385
209 907
991 515
689 615
631 750
313 211
581 192
786 307
548 976
337 235
440 523
283 803
745 601
453 655
206 450
293 961
359 78
755 980
408 791
662 294
420 925
98 397
263 762
513 645
827 592
663 510
35 942
196 496
844 56
684 25
952 811
193 119
223 398
975 712
868 241
760 985
297 860
186 201
179 560
328 148
634 143
935 430
691 81
969 531
112 946
234 812
418 216
449 300
506 996
865 442
544 556
654 789
934 91
616 899
6 546
427 644
762 876
543 472
431 637
104 142
814 397
656 871
393 36
272 870
983 652
707 733
221 445
554 211
602 664
970 507
820 404
436 317
151 822
191 511
239 126
433 525
172 491
106 246
947 953
127 401
469 157
190 278
51 810
860 846
955 593
555 251
919 280
119 969
737 820
147 847
938 188
898 658
287 847
650 771
374 823
571 47
799 461
779 57
562 166
61 316
78 558
836 282
893 766
346 513
558 780
727 493
325 133
573 355
297 448
822 912
391 783
337 170
52 63
332 746
918 315
883 458
769 864
113 654
947 136
297 730
103 199
46 702
558 736
936 586
796 719
583 616
671 216
29 652
968 371
427 270
691 766
84 642
454 533
472 833
932 264
920 929
8 751
500
393 146
199 21
250 431
290 441
51 179
461 422
492 500
93 110
150 213
67 39
63 153
438 339
433 101
349 439
231 99
275 488
17 450
38 469
78 214
28 451
303 78
188 147
300 49
115 498
329 492
25 255
42 127
386 77
300 236
245 476
97 432
64 24
168 16
407 46
360 76
400 183
234 193
172 11
105 280
358 112
398 312
305 326
262 412
299 149
276 500
435 118
473 473
239 256
60 154
230 113
376 13
377 159
104 2
249 287
144 124
242 456
344 213
362 500
463 249
399 476
283 375
260 425
255 192
293 284
422 280
198 267
52 317
454 377
100 83
230 354
81 89
369 229
370 24
340 326
241 178
493 460
139 16
479 266
251 25
476 49
437 62
150 248
407 365
305 109
306 41
319 384
3 329
196 400
407 69
30 118
65 390
189 345
94 240
250 73
225 15
35 476
312 193
90 470
144 30
58 321
303 62
154 162
26 335
352 417
235 11
434 53
419 204
237 206
490 150
238 214
83 61
87 240
466 292
324 178
351 227
200 221
390 98
482 13
40 262
68 32
244 306
474 391
80 168
493 54
48 372
340 493
166 309
119 160
353 428
219 231
338 72
102 431
436 166
443 377
69 373
240 254
309 296
311 315
6 289
8 72
276 424
48 276
179 156
103 207
397 266
94 6
93 173
176 288
349 285
498 486
264 108
106 432
297 415
300 406
359 381
247 477
7 210
425 244
243 384
249 154
63 343
230 433
363 46
150 259
176 25
465 187
12 281
64 454
194 28
57 230
150 47
426 3
58 139
214 266
72 418
373 339
49 469
7 148
363 154
470 497
326 190
193 369
176 400
99 77
362 392
166 65
6 275
480 11
18 363
65 397
271 213
396 52
101 245
168 279
111 70
331 6
419 125
351 38
462 116
345 382
418 244
2 239
72 171
151 226
154 149
398 10
267 258
462 58
455 219
204 349
380 269
326 443
257 142
350 496
403 289
270 351
236 10
175 104
22 307
204 91
454 369
374 42
354 208
187 233
407 156
369 309
284 40
229 39
425 78
384 156
476 188
482 71
77 141
115 126
213 200
270 260
281 120
12 368
377 149
33 333
500 434
314 197
487 28
391 144
12 475
98 484
341 308
167 64
349 78
261 106
446 413
306 202
160 465
411 306
26 475
298 383
345 77
350 415
30 396
275 406
457 383
387 55
202 320
144 239
476 336
395 28
370 282
191 437
191 301
111 241
267 398
245 194
61 394
339 141
296 117
103 59
30 294
306 249
298 138
53 469
413 213
84 21
495 270
436 397
84 351
71 374
390 85
341 6
343 259
199 358
84 387
138 353
421 194
120 58
17 117
162 300
267 133
259 458
339 442
29 412
318 284
277 96
190 409
137 251
151 8
50 8
326 165
82 99
469 243
469 26
133 373
300 275
57 101
416 174
201 68
397 317
428 455
472 494
261 340
258 445
31 462
469 280
411 339
111 339
8 84
163 312
171 229
417 387
91 293
436 313
53 348
500 186
414 275
15 473
431 447
25 205
56 79
378 12
147 11
21 147
339 269
101 377
396 285
272 162
471 265
38 290
60 268
41 197
280 201
354 5
306 37
208 390
387 225
62 225
344 418
9 50
331 315
313 300
424 117
233 359
222 292
353 394
227 73
312 112
191 356
141 7
449 407
389 368
476 74
299 278
18 466
76 73
143 386
129 212
467 93
222 300
45 328
124 2
165 373
154 390
260 271
459 341
183 233
463 402
372 130
126 151
226 397
53 416
72 97
472 361
189 321
266 323
201 92
31 423
492 365
52 419
461 252
177 439
13 76
262 175
170 381
228 352
25 80
257 247
25 443
277 302
201 223
183 362
9 282
138 370
349 192
348 379
160 375
432 55
183 13
295 423
74 68
445 447
51 423
265 127
118 359
35 205
172 225
394 148
481 408
471 53
44 411
82 225
279 98
235 137
346 401
125 205
90 84
413 217
230 411
320 58
401 391
461 297
67 80
354 40
75 253
217 398
326 105
455 294
82 11
202 331
372 254
364 292
346 3
325 445
105 277
356 150
202 12
286 425
12 318
111 478
70 466
48 390
278 101
423 49
81 200
410 106
266 255
295 188
27 223
319 313
301 285
154 426
105 43
178 241
285 309
494 61
76 264
70 45
334 329
411 426
79 238
380 1
228 390
116 264
450 242
488 442
103 148
118 239
45 215
284 18
424 467
415 251
163 276
399 2
429 296
152 332
324 307
176 6
323 202
316 30
249 59
22 46
162 65
176 322
512
31 354
408 87
484 64
318 208
113 2
370 251
275 190
158 250
307 446
149 59
292 183
171 23
201 200
475 218
341 400
321 469
507 147
264 404
345 181
202 220
299 407
323 453
224 94
297 462
134 379
275 173
454 266
357 330
145 352
104 318
131 428
224 286
273 144
467 210
287 272
363 317
181 89
109 431
340 372
11 419
127 71
144 179
279 479
200 200
84 148
490 22
306 305
69 195
174 255
504 409
34 367
139 449
472 204
137 264
500 88
195 237
436 323
82 115
72 174
66 367
359 85
30 511
48 77
432 423
250 445
446 429
36 390
413 315
328 338
61 512
172 188
88 300
315 473
365 223
262 470
343 381
445 12
352 148
363 368
265 163
98 30
226 334
302 97
88 341
297 132
128 10
353 147
443 479
80 308
50 57
308 166
32 156
429 309
57 22
452 107
126 441
379 162
69 510
391 180
370 224
276 7
109 441
6 379
160 501
122 56
27 271
282 487
65 121
51 119
360 389
358 34
416 449
358 302
19 442
40 414
480 167
156 491
395 294
305 166
219 446
44 503
53 447
31 224
110 462
441 317
113 328
152 175
254 157
179 451
119 191
431 500
144 185
80 123
156 202
304 318
61 343
495 177
16 118
503 230
96 503
344 461
166 69
274 11
67 486
202 441
193 460
470 8
166 66
323 156
234 227
413 343
240 417
512 324
298 435
94 349
340 257
157 481
186 394
469 311
208 30
459 374
279 221
359 501
59 469
272 166
16 341
369 331
85 430
124 299
219 322
327 68
268 58
462 448
199 103
378 487
219 98
244 168
159 114
173 98
405 62
89 437
75 7
412 431
96 175
508 245
194 450
405 320
323 323
175 470
221 275
266 167
267 151
390 250
44 328
109 464
229 470
469 394
324 453
21 434
369 108
194 315
433 164
77 286
432 413
455 206
16 456
338 389
149 31
41 338
363 162
346 93
135 78
459 224
347 417
370 10
182 43
87 25
283 169
74 481
130 191
34 39
4 105
181 313
470 262
210 388
143 257
6 18
443 260
30 67
375 214
253 92
260 42
434 299
256 230
116 330
344 162
408 338
244 157
390 206
368 435
293 141
126 365
346 425
480 465
204 363
338 289
324 291
53 391
477 511
86 66
113 476
196 211
400 324
73 116
215 458
492 281
346 333
381 302
393 468
54 90
246 274
65 427
305 27
259 183
282 275
508 376
478 107
63 3
70 148
412 388
464 216
463 362
421 445
93 17
388 263
21 481
99 338
134 97
417 294
358 114
132 329
32 406
511 31
177 25
141 16
73 141
387 239
57 323
19 168
40 294
241 449
429 405
390 116
283 475
368 442
367 294
56 484
49 257
502 255
353 193
23 471
378 405
321 249
4 350
248 485
74 3
155 340
321 356
510 82
509 441
24 194
167 232
503 251
328 239
376 250
380 126
53 242
178 141
366 512
351 197
460 268
323 132
365 303
227 328
418 42
248 387
189 270
489 481
74 121
276 366
512 367
10 56
289 363
220 111
213 465
487 384
148 180
464 263
479 161
179 284
510 249
247 13
455 54
448 324
40 396
330 483
130 307
112 334
446 231
468 222
126 43
331 453
449 38
151 309
496 297
407 234
93 81
462 339
243 6
321 185
283 168
399 5
421 287
360 39
478 445
120 74
2 97
98 427
157 409
87 313
410 314
74 436
133 222
488 100
363 79
482 501
485 359
113 274
129 323
263 142
304 139
93 389
200 345
39 234
144 393
451 388
22 227
151 108
40 161
336 441
259 241
407 81
406 369
393 382
24 201
438 99
254 8
328 275
255 438
125 210
178 288
436 188
268 482
222 482
274 91
101 475
237 336
341 192
165 482
219 369
473 153
295 317
264 336
263 21
263 410
191 162
459 67
272 488
199 162
396 119
185 375
268 374
268 342
88 110
435 467
471 281
440 222
404 308
168 322
193 209
381 382
370 121
176 446
66 292
168 78
92 224
506 365
101 497
414 26
168 284
117 309
36 208
366 283
255 12
498 425
343 235
311 432
357 511
173 169
375 234
448 167
357 504
487 164
483 474
279 73
56 35
152 212
210 164
119 447
114 336
200 92
178 19
350 254
281 409
172 161
17 477
276 462
153 285
276 461
221 458
127 286
140 487
306 212
18 96
141 51
457 232
98 227
413 297
15 489
161 39
234 146
155 273
83 153
457 265
352 459
166 469
77 464
222 465
174 437
357 18
164 365
494 51
347 146
24 491
372 87
7 313
283 497
318 210
278 352
303 296
69 15
287 363
454 382
196 197
311 464
88 278
106 252
423 418
63 300
43 280
354 449
51 456
825
458 199
291 796
253 540
174 594
677 604
743 730
344 681
545 49
680 559
700 668
101 257
341 324
243 10
508 457
601 782
128 592
49 205
722 613
14 94
26 309
439 702
589 329
180 447
308 476
384 373
485 301
703 130
87 412
186 676
778 499
691 812
687 59
131 648
462 478
453 373
668 690
665 471
13 207
580 543
223 438
14 160
680 365
219 347
700 190
199 761
101 469
635 131
46 181
443 764
818 810
583 779
27 780
63 504
630 369
748 233
51 578
159 248
757 404
55 352
455 741
195 169
326 525
684 257
384 61
660 733
375 645
75 337
357 1
63 549
325 163
347 62
819 443
320 494
623 775
644 175
583 72
159 71
693 538
771 246
93 668
54 144
540 15
177 95
611 780
398 68
505 308
467 605
544 741
331 497
501 186
4 469
235 781
791 277
246 569
758 480
338 588
660 770
577 69
724 776
574 638
678 669
356 174
685 576
72 26
320 6
186 40
735 256
711 611
228 106
439 729
75 63
266 250
745 490
269 96
639 641
255 180
507 486
386 216
447 106
36 672
65 367
164 735
742 677
5 534
38 306
528 419
31 200
675 566
39 613
309 525
311 156
300 548
643 311
390 500
666 103
512 194
194 398
457 650
649 679
752 664
711 207
600 253
560 359
464 138
219 201
429 368
30 264
151 269
226 40
107 242
569 161
37 109
303 725
502 281
698 347
231 503
641 53
673 56
475 407
714 93
647 509
206 630
300 42
522 553
5 272
76 50
525 801
624 144
571 62
62 810
337 309
375 217
275 220
9 380
399 486
722 45
94 552
73 508
696 335
315 70
802 818
223 227
134 154
599 83
285 788
338 409
478 526
667 472
691 656
756 87
132 264
24 48
316 298
63 401
579 175
341 664
549 228
310 120
646 734
23 169
700 696
346 648
193 111
308 822
726 520
245 750
347 43
614 272
766 776
411 164
19 3
642 72
592 496
586 143
155 756
546 56
669 622
92 728
213 659
597 776
91 498
825 532
365 431
304 61
106 261
710 52
99 150
502 519
665 401
168 706
561 503
515 452
745 737
657 184
40 701
93 259
219 388
94 639
263 553
311 501
408 561
97 220
126 344
310 200
656 614
584 531
701 649
186 9
48 340
366 128
203 272
707 261
365 178
318 442
719 617
670 594
2 322
124 424
823 260
328 643
118 763
438 117
419 795
551 676
779 335
228 588
607 725
797 406
513 512
729 220
575 538
815 231
563 75
406 760
296 261
494 250
451 821
192 466
715 677
711 55
549 134
523 520
733 640
25 22
363 64
759 812
397 433
356 83
379 76
256 128
120 705
427 419
694 237
548 364
803 761
413 463
603 552
56 500
45 179
290 243
182 536
170 177
453 494
67 38
190 819
519 682
69 633
467 327
126 558
210 467
315 571
312 54
221 295
573 677
250 696
273 542
198 321
225 63
554 239
601 326
175 462
669 108
483 785
446 167
242 23
456 172
78 514
794 639
393 91
662 583
347 440
80 421
215 739
111 495
102 445
597 369
429 703
230 610
719 223
311 461
342 727
15 464
606 626
179 49
287 416
576 794
125 349
327 482
244 109
170 262
814 345
752 321
10 492
414 776
275 583
134 765
746 323
49 372
810 332
554 368
515 266
673 674
569 164
594 401
532 405
384 70
582 791
690 328
303 670
177 30
128 644
322 217
442 423
269 233
204 77
613 706
8 244
51 453
351 513
572 416
130 85
715 135
739 215
150 4
354 571
743 806
149 160
391 781
717 367
205 208
506 681
253 70
523 87
351 210
772 262
584 538
632 331
9 451
327 683
389 586
653 597
424 209
24 618
416 784
743 256
679 661
4 425
429 452
629 526
681 711
188 660
661 798
210 776
46 449
477 140
9 689
523 54
384 39
388 409
209 217
792 88
546 257
516 595
733 208
628 400
179 326
193 628
660 48
234 373
730 499
740 527
74 525
668 147
694 504
28 122
363 465
709 727
226 58
525 509
491 38
251 569
775 412
455 493
570 746
554 135
429 332
580 440
348 552
149 570
730 756
731 605
195 118
246 150
502 386
71 171
51 75
693 622
266 162
364 161
222 744
749 297
648 130
239 358
700 323
171 443
600 450
776 416
20 65
418 606
697 374
78 662
643 501
246 730
444 752
53 795
6 134
774 162
187 184
171 664
227 24
647 269
293 684
189 79
336 539
120 321
358 196
231 602
309 705
49 411
579 605
809 94
167 51
149 631
224 749
672 690
724 566
268 798
702 201
433 768
385 26
381 253
320 206
364 259
767 305
131 799
187 768
732 161
289 29
663 334
534 464
68 442
448 577
86 453
710 38
165 723
225 152
561 327
672 281
403 72
462 370
621 520
350 598
509 719
647 518
209 219
39 742
541 67
466 214
692 384
267 141
293 128
530 46
540 2
592 193
515 219
188 728
685 23
297 248
310 793
460 653
17 101
34 480
126 335
491 213
436 650
375 306
149 412
122 818
639 698
23 193
638 383
677 782
142 345
784 60
200 587
474 357
556 363
201 37
597 42
689 339
446 739
796 499
473 459
310 336
85 177
740 148
216 553
383 524
467 430
266 172
746 278
810 173
104 565
602 477
706 209
398 501
782 287
449 565
10 455
359 592
648 325
196 531
621 382
86 114
222 429
339 318
542 658
653 480
135 733
576 541
354 247
354 437
97 13
484 136
552 157
592 414
572 300
424 327
347 395
262 487
591 257
672 674
531 688
641 89
183 381
318 423
20 90
172 417
450 371
140 396
645 674
748 769
271 604
644 79
320 112
321 38
399 10
737 423
288 204
490 816
332 212
194 807
390 74
157 517
776 423
229 283
222 679
192 364
797 765
799 212
330 497
523 592
414 576
104 657
283 358
145 721
624 730
254 452
552 185
20 82
470 209
233 317
495 251
812 539
50 519
360 367
628 12
796 382
426 347
589 63
227 135
297 743
663 225
785 595
512 348
281 713
690 26
557 32
754 795
223 452
736 386
617 606
422 783
591 428
661 367
353 705
94 509
638 824
254 399
585 472
626 87
574 373
102 739
28 575
317 230
19 732
383 787
594 338
710 116
588 401
97 625
587 825
531 547
800 358
250 639
406 485
403 54
632 76
722 172
213 71
694 738
213 736
542 552
586 762
711 375
490 467
767 672
33 219
172 325
666 501
300 752
817 608
825 449
657 64
774 428
39 758
526 244
485 129
515 584
129 82
293 83
318 37
711 449
426 38
576 749
73 85
110 610
277 667
265 486
243 307
122 575
513 647
632 578
804 684
365 300
303 481
109 92
260 23
344 492
599 335
661 279
362 814
80 811
20 811
514 532
809 389
133 248
583 236
191 190
612 25
10 52
465 453
315 45
735 354
770 698
693 279
405 114
367 291
502 265
61 551
640 326
809 424
454 170
625 359
547 251
687 434
169 465
136 542
297 3
181 166
657 118
796 235
636 508
28 102
132 575
366 474
129 712
224 529
109 400
359 243
154 254
264 540
220 318
275 207
268 630
475 682
747 255
620 742
554 583
92 76
749 725
572 36
579 617
315 500
465 436
278 715
449 407
134 408
380 411
629 673
594 276
185 38
312 327
196 58
400 14
367 188
373 228
750 520
176 25
276 526
139 347
804 198
377 114
179 238
804 220
589 562
493 521
410 702
431 150
793 149
219 83
653 180
703 4
706 767
759 664
698 450
28 469
821 802
203 786
406 99
51 523
260 806
253 378
87 589
30 760
4
1 1
2 2
1 2
2 1
1000
7 -40
8 -39
9 -38
10 -37
11 -36
12 -35
13 -34
14 -33
15 -32
16 -31
17 -30
18 -29
19 -28
20 -27
21 -26
22 -25
23 -24
24 -23
25 -22
26 -21
27 -20
28 -19
29 -18
30 -17
31 -16
32 -15
33 -14
34 -13
35 -12
36 -11
37 -10
38 -9
39 -8
40 -7
41 -6
42 -5
43 -4
44 -3
45 -2
46 -1
47 0
48 1
49 2
50 3
51 4
52 5
53 6
54 7
55 8
56 9
57 10
58 11
59 12
60 13
61 14
62 15
63 16
64 17
65 18
66 19
67 20
68 21
69 22
70 23
71 24
72 25
73 26
74 27
75 28
76 29
77 30
78 31
79 32
80 33
81 34
82 35
83 36
84 37
85 38
86 39
87 40
88 41
89 42
90 43
91 44
92 45
93 46
94 47
95 48
96 49
97 50
98 51
99 52
100 53
101 54
102 55
103 56
104 57
105 58
106 59
107 60
108 61
109 62
110 63
111 64
112 65
113 66
114 67
115 68
116 69
117 70
118 71
119 72
120 73
121 74
122 75
123 76
124 77
125 78
126 79
127 80
128 81
129 82
130 83
131 84
132 85
133 86
134 87
135 88
136 89
137 90
138 91
139 92
140 93
141 94
142 95
143 96
144 97
145 98
146 99
147 100
148 101
149 102
150 103
151 104
152 105
153 106
154 107
155 108
156 109
157 110
158 111
159 112
160 113
161 114
162 115
163 116
164 117
165 118
166 119
167 120
168 121
169 122
170 123
171 124
172 125
173 126
174 127
175 128
176 129
177 130
178 131
179 132
180 133
181 134
182 135
183 136
184 137
185 138
186 139
187 140
188 141
189 142
190 143
191 144
192 145
193 146
194 147
195 148
196 149
197 150
198 151
199 152
200 153
201 154
202 155
203 156
204 157
205 158
206 159
207 160
208 161
209 162
210 163
211 164
212 165
213 166
214 167
215 168
216 169
217 170
218 171
219 172
220 173
221 174
222 175
223 176
224 177
225 178
226 179
227 180
228 181
229 182
230 183
231 184
232 185
233 186
234 187
235 188
236 189
237 190
238 191
239 192
240 193
241 194
242 195
243 196
244 197
245 198
246 199
247 200
248 201
249 202
250 203
251 204
252 205
253 206
254 207
255 208
256 209
8 -41
9 -42
10 -43
11 -44
12 -45
13 -46
14 -47
15 -48
16 -49
17 -50
18 -51
19 -52
20 -53
21 -54
22 -55
23 -56
24 -57
25 -58
26 -59
27 -60
28 -61
29 -62
30 -63
31 -64
32 -65
33 -66
34 -67
35 -68
36 -69
37 -70
38 -71
39 -72
40 -73
41 -74
42 -75
43 -76
44 -77
45 -78
46 -79
47 -80
48 -81
49 -82
50 -83
51 -84
52 -85
53 -86
54 -87
55 -88
56 -89
57 -90
58 -91
59 -92
60 -93
61 -94
62 -95
63 -96
64 -97
65 -98
66 -99
67 -100
68 -101
69 -102
70 -103
71 -104
72 -105
73 -106
74 -107
75 -108
76 -109
77 -110
78 -111
79 -112
80 -113
81 -114
82 -115
83 -116
84 -117
85 -118
86 -119
87 -120
88 -121
89 -122
90 -123
91 -124
92 -125
93 -126
94 -127
95 -128
96 -129
97 -130
98 -131
99 -132
100 -133
101 -134
102 -135
103 -136
104 -137
105 -138
106 -139
107 -140
108 -141
109 -142
110 -143
111 -144
112 -145
113 -146
114 -147
115 -148
116 -149
117 -150
118 -151
119 -152
120 -153
121 -154
122 -155
123 -156
124 -157
125 -158
126 -159
127 -160
128 -161
129 -162
130 -163
131 -164
132 -165
133 -166
134 -167
135 -168
136 -169
137 -170
138 -171
139 -172
140 -173
141 -174
142 -175
143 -176
144 -177
145 -178
146 -179
147 -180
148 -181
149 -182
150 -183
151 -184
152 -185
153 -186
154 -187
155 -188
156 -189
157 -190
158 -191
159 -192
160 -193
161 -194
162 -195
163 -196
164 -197
165 -198
166 -199
167 -200
168 -201
169 -202
170 -203
171 -204
172 -205
173 -206
174 -207
175 -208
176 -209
177 -210
178 -211
179 -212
180 -213
181 -214
182 -215
183 -216
184 -217
185 -218
186 -219
187 -220
188 -221
189 -222
190 -223
191 -224
192 -225
193 -226
194 -227
195 -228
196 -229
197 -230
198 -231
199 -232
200 -233
201 -234
202 -235
203 -236
204 -237
205 -238
206 -239
207 -240
208 -241
209 -242
210 -243
211 -244
212 -245
213 -246
214 -247
215 -248
216 -249
217 -250
218 -251
219 -252
220 -253
221 -254
222 -255
223 -256
224 -257
225 -258
226 -259
227 -260
228 -261
229 -262
230 -263
231 -264
232 -265
233 -266
234 -267
235 -268
236 -269
237 -270
238 -271
239 -272
240 -273
241 -274
242 -275
243 -276
244 -277
245 -278
246 -279
247 -280
248 -281
249 -282
250 -283
251 -284
252 -285
253 -286
254 -287
255 -288
256 -289
257 -290
6 -39
5 -38
4 -37
3 -36
2 -35
1 -34
0 -33
-1 -32
-2 -31
-3 -30
-4 -29
-5 -28
-6 -27
-7 -26
-8 -25
-9 -24
-10 -23
-11 -22
-12 -21
-13 -20
-14 -19
-15 -18
-16 -17
-17 -16
-18 -15
-19 -14
-20 -13
-21 -12
-22 -11
-23 -10
-24 -9
-25 -8
-26 -7
-27 -6
-28 -5
-29 -4
-30 -3
-31 -2
-32 -1
-33 0
-34 1
-35 2
-36 3
-37 4
-38 5
-39 6
-40 7
-41 8
-42 9
-43 10
-44 11
-45 12
-46 13
-47 14
-48 15
-49 16
-50 17
-51 18
-52 19
-53 20
-54 21
-55 22
-56 23
-57 24
-58 25
-59 26
-60 27
-61 28
-62 29
-63 30
-64 31
-65 32
-66 33
-67 34
-68 35
-69 36
-70 37
-71 38
-72 39
-73 40
-74 41
-75 42
-76 43
-77 44
-78 45
-79 46
-80 47
-81 48
-82 49
-83 50
-84 51
-85 52
-86 53
-87 54
-88 55
-89 56
-90 57
-91 58
-92 59
-93 60
-94 61
-95 62
-96 63
-97 64
-98 65
-99 66
-100 67
-101 68
-102 69
-103 70
-104 71
-105 72
-106 73
-107 74
-108 75
-109 76
-110 77
-111 78
-112 79
-113 80
-114 81
-115 82
-116 83
-117 84
-118 85
-119 86
-120 87
-121 88
-122 89
-123 90
-124 91
-125 92
-126 93
-127 94
-128 95
-129 96
-130 97
-131 98
-132 99
-133 100
-134 101
-135 102
-136 103
-137 104
-138 105
-139 106
-140 107
-141 108
-142 109
-143 110
-144 111
-145 112
-146 113
-147 114
-148 115
-149 116
-150 117
-151 118
-152 119
-153 120
-154 121
-155 122
-156 123
-157 124
-158 125
-159 126
-160 127
-161 128
-162 129
-163 130
-164 131
-165 132
-166 133
-167 134
-168 135
-169 136
-170 137
-171 138
-172 139
-173 140
-174 141
-175 142
-176 143
-177 144
-178 145
-179 146
-180 147
-181 148
-182 149
-183 150
-184 151
-185 152
-186 153
-187 154
-188 155
-189 156
-190 157
-191 158
-192 159
-193 160
-194 161
-195 162
-196 163
-197 164
-198 165
-199 166
-200 167
-201 168
-202 169
-203 170
-204 171
-205 172
-206 173
-207 174
-208 175
-209 176
-210 177
-211 178
-212 179
-213 180
-214 181
-215 182
-216 183
-217 184
-218 185
-219 186
-220 187
-221 188
-222 189
-223 190
-224 191
-225 192
-226 193
-227 194
-228 195
-229 196
-230 197
-231 198
-232 199
-233 200
-234 201
-235 202
-236 203
-237 204
-238 205
-239 206
-240 207
-241 208
-242 209
-243 210
6 -41
5 -42
4 -43
3 -44
2 -45
1 -46
0 -47
-1 -48
-2 -49
-3 -50
-4 -51
-5 -52
-6 -53
-7 -54
-8 -55
-9 -56
-10 -57
-11 -58
-12 -59
-13 -60
-14 -61
-15 -62
-16 -63
-17 -64
-18 -65
-19 -66
-20 -67
-21 -68
-22 -69
-23 -70
-24 -71
-25 -72
-26 -73
-27 -74
-28 -75
-29 -76
-30 -77
-31 -78
-32 -79
-33 -80
-34 -81
-35 -82
-36 -83
-37 -84
-38 -85
-39 -86
-40 -87
-41 -88
-42 -89
-43 -90
-44 -91
-45 -92
-46 -93
-47 -94
-48 -95
-49 -96
-50 -97
-51 -98
-52 -99
-53 -100
-54 -101
-55 -102
-56 -103
-57 -104
-58 -105
-59 -106
-60 -107
-61 -108
-62 -109
-63 -110
-64 -111
-65 -112
-66 -113
-67 -114
-68 -115
-69 -116
-70 -117
-71 -118
-72 -119
-73 -120
-74 -121
-75 -122
-76 -123
-77 -124
-78 -125
-79 -126
-80 -127
-81 -128
-82 -129
-83 -130
-84 -131
-85 -132
-86 -133
-87 -134
-88 -135
-89 -136
-90 -137
-91 -138
-92 -139
-93 -140
-94 -141
-95 -142
-96 -143
-97 -144
-98 -145
-99 -146
-100 -147
-101 -148
-102 -149
-103 -150
-104 -151
-105 -152
-106 -153
-107 -154
-108 -155
-109 -156
-110 -157
-111 -158
-112 -159
-113 -160
-114 -161
-115 -162
-116 -163
-117 -164
-118 -165
-119 -166
-120 -167
-121 -168
-122 -169
-123 -170
-124 -171
-125 -172
-126 -173
-127 -174
-128 -175
-129 -176
-130 -177
-131 -178
-132 -179
-133 -180
-134 -181
-135 -182
-136 -183
-137 -184
-138 -185
-139 -186
-140 -187
-141 -188
-142 -189
-143 -190
-144 -191
-145 -192
-146 -193
-147 -194
-148 -195
-149 -196
-150 -197
-151 -198
-152 -199
-153 -200
-154 -201
-155 -202
-156 -203
-157 -204
-158 -205
-159 -206
-160 -207
-161 -208
-162 -209
-163 -210
-164 -211
-165 -212
-166 -213
-167 -214
-168 -215
-169 -216
-170 -217
-171 -218
-172 -219
-173 -220
-174 -221
-175 -222
-176 -223
-177 -224
-178 -225
-179 -226
-180 -227
-181 -228
-182 -229
-183 -230
-184 -231
-185 -232
-186 -233
-187 -234
-188 -235
-189 -236
-190 -237
-191 -238
-192 -239
-193 -240
-194 -241
-195 -242
-196 -243
-197 -244
-198 -245
-199 -246
-200 -247
-201 -248
-202 -249
-203 -250
-204 -251
-205 -252
-206 -253
-207 -254
-208 -255
-209 -256
-210 -257
-211 -258
-212 -259
-213 -260
-214 -261
-215 -262
-216 -263
-217 -264
-218 -265
-219 -266
-220 -267
-221 -268
-222 -269
-223 -270
-224 -271
-225 -272
-226 -273
-227 -274
-228 -275
-229 -276
-230 -277
-231 -278
-232 -279
-233 -280
-234 -281
-235 -282
-236 -283
-237 -284
-238 -285
-239 -286
-240 -287
-241 -288
-242 -289
-243 -290